N имп.   Опозд.   Uзад [В]   Uимп [В]   Диап.I   Превыш.   Перегр.   Iимп [А]
1        0        2200       2097       0        0         0         0.000533
2        0        2200       2097       0        0         0         0.000569
3        0        2200       2097       0        0         0         0.000631
4        0        2200       2097       0        0         0         0.000616
5        0        2200       2097       0        0         0         0.000608
6        0        2200       2092       0        0         0         0.000600
7        0        2200       2092       0        0         0         0.000578
8        0        2200       2097       0        0         0         0.000593
9        0        2200       2092       0        0         0         0.000608
10       0        2200       2097       0        0         0         0.000616
11       0        2200       2092       0        0         0         0.000623
12       0        2200       2092       0        0         0         0.000631
13       0        2200       2092       0        0         0         0.000637
14       0        2200       2089       0        0         0         0.002424
15       0        2200       2097       0        0         0         0.000652
16       0        2200       2097       0        0         0         0.000676
17       0        2200       2097       0        0         0         0.000652
18       0        2200       2097       0        0         0         0.000637
19       0        2200       2092       0        0         0         0.000631
20       0        2200       2097       0        0         0         0.000623
21       0        2200       2092       0        0         0         0.000631
22       0        2200       2097       0        0         0         0.000623
23       0        2200       2092       0        0         0         0.000637
24       0        2200       2092       0        0         0         0.000623
25       0        2200       2097       0        0         0         0.000631
26       0        2200       2097       0        0         0         0.000608
27       0        2200       2097       0        0         0         0.000623
28       0        2200       2097       0        0         0         0.000631
29       0        2200       2097       0        0         0         0.000644
30       0        2200       2097       0        0         0         0.000644
31       0        2200       2092       0        0         0         0.000631
32       0        2200       2092       0        0         0         0.000644
33       0        2200       2092       0        0         0         0.000652
34       0        2200       2092       0        0         0         0.000661
35       0        2200       2092       0        0         0         0.000676
36       0        2200       2092       0        0         0         0.000661
37       0        2200       2092       0        0         0         0.000661
38       0        2200       2092       0        0         0         0.000644
39       0        2200       2092       0        0         0         0.000644
40       0        2200       2092       0        0         0         0.000661
41       0        2200       2092       0        0         0         0.000661
42       0        2200       2097       0        0         0         0.000676
43       0        2200       2097       0        0         0         0.000652
44       0        2200       2097       0        0         0         0.000668
45       0        2200       2097       0        0         0         0.000668
46       0        2200       2092       0        0         0         0.000652
47       0        2200       2092       0        0         0         0.000652
48       0        2200       2097       0        0         0         0.000652
49       0        2200       2092       0        0         0         0.000631
50       0        2200       2097       0        0         0         0.000623
51       0        2200       2097       0        0         0         0.000631
52       0        2200       2097       0        0         0         0.000637
53       0        2200       2092       0        0         0         0.000637
54       0        2200       2097       0        0         0         0.000623
55       0        2200       2097       0        0         0         0.000644
56       0        2200       2092       0        0         0         0.000623
57       0        2200       2097       0        0         0         0.000631
58       0        2200       2092       0        0         0         0.000652
59       0        2200       2092       0        0         0         0.000691
60       0        2200       2092       0        0         0         0.000661
61       0        2200       2092       0        0         0         0.000644
62       0        2200       2092       0        0         0         0.000637
63       0        2200       2097       0        0         0         0.000631
64       0        2200       2097       0        0         0         0.000644
65       0        2200       2092       0        0         0         0.000644
66       0        2200       2092       0        0         0         0.000637
67       0        2200       2092       0        0         0         0.000637
68       0        2200       2097       0        0         0         0.000644
69       0        2200       2097       0        0         0         0.000637
70       0        2200       2092       0        0         0         0.000644
71       0        2200       2092       0        0         0         0.000652
72       0        2200       2092       0        0         0         0.000644
73       0        2200       2092       0        0         0         0.000652
74       0        2200       2097       0        0         0         0.000652
75       0        2200       2097       0        0         0         0.000644
76       0        2200       2092       0        0         0         0.000631
77       0        2200       2097       0        0         0         0.000637
78       0        2200       2097       0        0         0         0.000644
79       0        2200       2092       0        0         0         0.000652
80       0        2200       2097       0        0         0         0.000652
81       0        2200       2097       0        0         0         0.000644
82       0        2200       2097       0        0         0         0.000631
83       0        2200       2097       0        0         0         0.000631
84       0        2200       2092       0        0         0         0.000637
85       0        2200       2092       0        0         0         0.000637
86       0        2200       2097       0        0         0         0.000631
87       0        2200       2097       0        0         0         0.000623
88       0        2200       2097       0        0         0         0.000631
89       0        2200       2092       0        0         0         0.000637
90       0        2200       2092       0        0         0         0.000644
91       0        2200       2097       0        0         0         0.000652
92       0        2200       2097       0        0         0         0.000637
93       0        2200       2092       0        0         0         0.000644
94       0        2200       2097       0        0         0         0.000644
95       0        2200       2092       0        0         0         0.000644
96       0        2200       2097       0        0         0         0.000644
97       0        2200       2092       0        0         0         0.000637
98       0        2200       2097       0        0         0         0.000644
99       0        2200       2097       0        0         0         0.000637
100      0        2200       2097       0        0         0         0.000644
101      0        2200       2097       0        0         0         0.000644
102      0        2200       2097       0        0         0         0.000661
103      0        2200       2097       0        0         0         0.000652
104      0        2200       2092       0        0         0         0.000644
105      0        2200       2097       0        0         0         0.000661
106      0        2200       2092       0        0         0         0.000644
107      0        2200       2097       0        0         0         0.000644
108      0        2200       2092       0        0         0         0.000652
109      0        2200       2097       0        0         0         0.000652
110      0        2200       2097       0        0         0         0.000644
111      0        2200       2092       0        0         0         0.000652
112      0        2200       2097       0        0         0         0.000668
113      0        2200       2097       0        0         0         0.000683
114      0        2200       2097       0        0         0         0.000691
115      0        2200       2097       0        0         0         0.000704
116      0        2200       2092       0        0         0         0.000720
117      0        2200       2092       0        0         0         0.000720
118      0        2200       2097       0        0         0         0.000736
119      0        2200       2092       0        0         0         0.000720
120      0        2200       2097       0        0         0         0.000720
121      0        2200       2097       0        0         0         0.000704
122      0        2200       2092       0        0         0         0.000712
123      0        2200       2097       0        0         0         0.000712
124      0        2200       2092       0        0         0         0.000720
125      0        2200       2092       0        0         0         0.000720
126      0        2200       2097       0        0         0         0.000720
127      0        2200       2092       0        0         0         0.000720
128      0        2200       2092       0        0         0         0.000720
129      0        2200       2097       0        0         0         0.000727
130      0        2200       2092       0        0         0         0.000712
131      0        2200       2097       0        0         0         0.000727
132      0        2200       2097       0        0         0         0.000712
133      0        2200       2097       0        0         0         0.000727
134      0        2200       2097       0        0         0         0.000712
135      0        2200       2096       0        0         0         0.000780
136      0        2200       2096       0        0         0         0.001088
137      0        2200       2096       0        0         0         0.000766
138      0        2200       2091       0        0         0         0.000863
139      0        2200       2097       0        0         0         0.000751
140      0        2200       2096       0        0         0         0.000802
141      0        2200       2097       0        0         0         0.000751
142      0        2200       2097       0        0         0         0.000720
143      0        2200       2092       0        0         0         0.000691
144      0        2200       2097       0        0         0         0.000683
145      0        2200       2097       0        0         0         0.000668
146      0        2200       2092       0        0         0         0.000668
147      0        2200       2092       0        0         0         0.000661
148      0        2200       2097       0        0         0         0.000661
149      0        2200       2092       0        0         0         0.000644
150      0        2200       2097       0        0         0         0.000652
151      0        2200       2097       0        0         0         0.000661
152      0        2200       2097       0        0         0         0.000683
153      0        2200       2097       0        0         0         0.000668
154      0        2200       2097       0        0         0         0.000661
155      0        2200       2092       0        0         0         0.000661
156      0        2200       2097       0        0         0         0.000652
157      0        2200       2092       0        0         0         0.000668
158      0        2200       2092       0        0         0         0.000661
159      0        2200       2097       0        0         0         0.000661
160      0        2200       2097       0        0         0         0.000668
161      0        2200       2097       0        0         0         0.000676
162      0        2200       2092       0        0         0         0.000676
163      0        2200       2097       0        0         0         0.000676
164      0        2200       2092       0        0         0         0.000676
165      0        2200       2092       0        0         0         0.000668
166      0        2200       2092       0        0         0         0.000652
167      0        2200       2092       0        0         0         0.000652
168      0        2200       2092       0        0         0         0.000652
169      0        2200       2092       0        0         0         0.000644
170      0        2200       2097       0        0         0         0.000631
171      0        2200       2097       0        0         0         0.000661
172      0        2200       2097       0        0         0         0.000631
173      0        2200       2097       0        0         0         0.000644
174      0        2200       2097       0        0         0         0.000637
175      0        2200       2097       0        0         0         0.000637
176      0        2200       2097       0        0         0         0.000637
177      0        2200       2097       0        0         0         0.000661
178      0        2200       2097       0        0         0         0.000661
179      0        2200       2097       0        0         0         0.000652
180      0        2200       2097       0        0         0         0.000631
181      0        2200       2092       0        0         0         0.000637
182      0        2200       2092       0        0         0         0.000637
183      0        2200       2092       0        0         0         0.000637
184      0        2200       2092       0        0         0         0.000637
185      0        2200       2097       0        0         0         0.000631
186      0        2200       2092       0        0         0         0.000631
187      0        2200       2097       0        0         0         0.000637
188      0        2200       2097       0        0         0         0.000631
189      0        2200       2097       0        0         0         0.000631
190      0        2200       2097       0        0         0         0.000623
191      0        2200       2097       0        0         0         0.000631
192      0        2200       2097       0        0         0         0.000644
193      0        2200       2097       0        0         0         0.000661
194      0        2200       2097       0        0         0         0.000652
195      0        2200       2097       0        0         0         0.000637
196      0        2200       2097       0        0         0         0.000631
197      0        2200       2092       0        0         0         0.000637
198      0        2200       2097       0        0         0         0.000631
199      0        2200       2097       0        0         0         0.000631
200      0        2200       2097       0        0         0         0.000637
201      0        2200       2092       0        0         0         0.000631
202      0        2200       2097       0        0         0         0.000631
203      0        2200       2097       0        0         0         0.000644
204      0        2200       2097       0        0         0         0.000637
205      0        2200       2097       0        0         0         0.000644
206      0        2200       2097       0        0         0         0.000644
207      0        2200       2097       0        0         0         0.000652
208      0        2200       2097       0        0         0         0.000668
209      0        2200       2097       0        0         0         0.000676
210      0        2200       2097       0        0         0         0.000712
211      0        2200       2096       0        0         0         0.000840
212      0        2200       2092       0        0         0         0.000668
213      0        2200       2097       0        0         0         0.000661
214      0        2200       2097       0        0         0         0.000644
215      0        2200       2092       0        0         0         0.000661
216      0        2200       2092       0        0         0         0.000668
217      0        2200       2092       0        0         0         0.000676
218      0        2200       2092       0        0         0         0.000668
219      0        2200       2092       0        0         0         0.000661
220      0        2200       2097       0        0         0         0.000661
221      0        2200       2097       0        0         0         0.000668
222      0        2200       2097       0        0         0         0.000683
223      0        2200       2092       0        0         0         0.000683
224      0        2200       2097       0        0         0         0.000683
225      0        2200       2097       0        0         0         0.000676
226      0        2200       2097       0        0         0         0.000698
227      0        2200       2092       0        0         0         0.000720
228      0        2200       2097       0        0         0         0.000727
229      0        2200       2092       0        0         0         0.000691
230      0        2200       2092       0        0         0         0.000704
231      0        2200       2097       0        0         0         0.000691
232      0        2200       2092       0        0         0         0.000704
233      0        2200       2097       0        0         0         0.000712
234      0        2200       2092       0        0         0         0.000720
235      0        2200       2097       0        0         0         0.000736
236      0        2200       2092       0        0         0         0.000736
237      0        2200       2097       0        0         0         0.000704
238      0        2200       2092       0        0         0         0.000720
239      0        2200       2097       0        0         0         0.000751
240      0        2200       2097       0        0         0         0.000691
241      0        2200       2092       0        0         0         0.000704
242      0        2200       2092       0        0         0         0.000704
243      0        2200       2097       0        0         0         0.000704
244      0        2200       2097       0        0         0         0.000720
245      0        2200       2097       0        0         0         0.000691
246      0        2200       2097       0        0         0         0.000704
247      0        2200       2097       0        0         0         0.000683
248      0        2200       2092       0        0         0         0.000691
249      0        2200       2097       0        0         0         0.000698
250      0        2200       2097       0        0         0         0.000683
251      0        2200       2097       0        0         0         0.000661
252      0        2200       2097       0        0         0         0.000676
253      0        2200       2097       0        0         0         0.000683
254      0        2200       2092       0        0         0         0.000704
255      0        2200       2092       0        0         0         0.000676
256      0        2200       2097       0        0         0         0.000683
257      0        2200       2092       0        0         0         0.000704
258      0        2200       2092       0        0         0         0.000691
259      0        2200       2097       0        0         0         0.000704
260      0        2200       2097       0        0         0         0.000668
261      0        2200       2097       0        0         0         0.000668
262      0        2200       2097       0        0         0         0.000676
263      0        2200       2097       0        0         0         0.000668
264      0        2200       2092       0        0         0         0.000683
265      0        2200       2097       0        0         0         0.000683
266      0        2200       2097       0        0         0         0.000676
267      0        2200       2097       0        0         0         0.000676
268      0        2200       2092       0        0         0         0.000683
269      0        2200       2097       0        0         0         0.000704
270      0        2200       2097       0        0         0         0.000691
271      0        2200       2092       0        0         0         0.000691
272      0        2200       2097       0        0         0         0.000683
273      0        2200       2097       0        0         0         0.000683
274      0        2200       2092       0        0         0         0.000691
275      0        2200       2092       0        0         0         0.000698
276      0        2200       2097       0        0         0         0.000691
277      0        2200       2097       0        0         0         0.000698
278      0        2200       2091       0        0         0         0.000758
279      0        2200       2097       0        0         0         0.000704
280      0        2200       2097       0        0         0         0.000683
281      0        2200       2092       0        0         0         0.000683
282      0        2200       2097       0        0         0         0.000683
283      0        2200       2097       0        0         0         0.000683
284      0        2200       2092       0        0         0         0.000691
285      0        2200       2097       0        0         0         0.000683
286      0        2200       2092       0        0         0         0.000661
287      0        2200       2092       0        0         0         0.000683
288      0        2200       2091       0        0         0         0.000923
289      0        2200       2092       0        0         0         0.000631
290      0        2200       2092       0        0         0         0.000631
291      0        2200       2097       0        0         0         0.000616
292      0        2200       2097       0        0         0         0.000631
293      0        2200       2097       0        0         0         0.000608
294      0        2200       2097       0        0         0         0.000608
295      0        2200       2097       0        0         0         0.000600
296      0        2200       2097       0        0         0         0.000600
297      0        2200       2092       0        0         0         0.000593
298      0        2200       2097       0        0         0         0.000593
299      0        2200       2097       0        0         0         0.000593
300      0        2200       2097       0        0         0         0.000593
301      0        2200       2097       0        0         0         0.000593
302      0        2200       2097       0        0         0         0.000600
303      0        2200       2097       0        0         0         0.000600
304      0        2200       2097       0        0         0         0.000600
305      0        2200       2097       0        0         0         0.000593
306      0        2200       2097       0        0         0         0.000578
307      0        2200       2097       0        0         0         0.000600
308      0        2200       2097       0        0         0         0.000593
309      0        2200       2097       0        0         0         0.000616
310      0        2200       2097       0        0         0         0.000608
311      0        2200       2097       0        0         0         0.000616
312      0        2200       2092       0        0         0         0.000616
313      0        2200       2092       0        0         0         0.000616
314      0        2200       2097       0        0         0         0.000616
315      0        2200       2097       0        0         0         0.000616
316      0        2200       2097       0        0         0         0.000631
317      0        2200       2097       0        0         0         0.000623
318      0        2200       2092       0        0         0         0.000631
319      0        2200       2097       0        0         0         0.000608
320      0        2200       2092       0        0         0         0.000608
321      0        2200       2097       0        0         0         0.000600
322      0        2200       2092       0        0         0         0.000623
323      0        2200       2097       0        0         0         0.000623
324      0        2200       2097       0        0         0         0.000623
325      0        2200       2097       0        0         0         0.000600
326      0        2200       2092       0        0         0         0.000608
327      0        2200       2092       0        0         0         0.000608
328      0        2200       2092       0        0         0         0.000616
329      0        2200       2092       0        0         0         0.000623
330      0        2200       2092       0        0         0         0.000623
331      0        2200       2097       0        0         0         0.000608
332      0        2200       2097       0        0         0         0.000608
333      0        2200       2092       0        0         0         0.000608
334      0        2200       2092       0        0         0         0.000631
335      0        2200       2092       0        0         0         0.000623
336      0        2200       2092       0        0         0         0.000631
337      0        2200       2097       0        0         0         0.000623
338      0        2200       2097       0        0         0         0.000623
339      0        2200       2097       0        0         0         0.000616
340      0        2200       2097       0        0         0         0.000623
341      0        2200       2092       0        0         0         0.000623
342      0        2200       2097       0        0         0         0.000623
343      0        2200       2097       0        0         0         0.000623
344      0        2200       2092       0        0         0         0.000600
345      0        2200       2092       0        0         0         0.000631
346      0        2200       2097       0        0         0         0.000608
347      0        2200       2092       0        0         0         0.000608
348      0        2200       2092       0        0         0         0.000600
349      0        2200       2097       0        0         0         0.000608
350      0        2200       2092       0        0         0         0.000623
351      0        2200       2092       0        0         0         0.000616
352      0        2200       2097       0        0         0         0.000616
353      0        2200       2097       0        0         0         0.000623
354      0        2200       2092       0        0         0         0.000637
355      0        2200       2097       0        0         0         0.000631
356      0        2200       2097       0        0         0         0.000631
357      0        2200       2092       0        0         0         0.000631
358      0        2200       2097       0        0         0         0.000652
359      0        2200       2092       0        0         0         0.000661
360      0        2200       2097       0        0         0         0.000644
361      0        2200       2097       0        0         0         0.000652
362      0        2200       2097       0        0         0         0.000644
363      0        2200       2097       0        0         0         0.000637
364      0        2200       2092       0        0         0         0.000631
365      0        2200       2097       0        0         0         0.000637
366      0        2200       2092       0        0         0         0.000644
367      0        2200       2092       0        0         0         0.000652
368      0        2200       2092       0        0         0         0.000637
369      0        2200       2097       0        0         0         0.000644
370      0        2200       2092       0        0         0         0.000644
371      0        2200       2097       0        0         0         0.000668
372      0        2200       2097       0        0         0         0.000668
373      0        2200       2097       0        0         0         0.000676
374      0        2200       2097       0        0         0         0.000668
375      0        2200       2097       0        0         0         0.000668
376      0        2200       2097       0        0         0         0.000691
377      0        2200       2092       0        0         0         0.000683
378      0        2200       2092       0        0         0         0.000691
379      0        2200       2092       0        0         0         0.000691
380      0        2200       2097       0        0         0         0.000698
381      0        2200       2097       0        0         0         0.000720
382      0        2200       2092       0        0         0         0.000720
383      0        2200       2092       0        0         0         0.000712
384      0        2200       2097       0        0         0         0.000727
385      0        2200       2092       0        0         0         0.000720
386      0        2200       2097       0        0         0         0.000736
387      0        2200       2097       0        0         0         0.000720
388      0        2200       2097       0        0         0         0.000736
389      0        2200       2096       0        0         0         0.000772
390      0        2200       2092       0        0         0         0.000727
391      0        2200       2097       0        0         0         0.000727
392      0        2200       2092       0        0         0         0.000720
393      0        2200       2092       0        0         0         0.000720
394      0        2200       2096       0        0         0         0.000758
395      0        2200       2097       0        0         0         0.000720
396      0        2200       2097       0        0         0         0.000743
397      0        2200       2092       0        0         0         0.000751
398      0        2200       2096       0        0         0         0.000758
399      0        2200       2096       0        0         0         0.000772
400      0        2200       2092       0        0         0         0.000751
401      0        2200       2091       0        0         0         0.000772
402      0        2200       2096       0        0         0         0.000758
403      0        2200       2096       0        0         0         0.000787
404      0        2200       2091       0        0         0         0.000787
405      0        2200       2091       0        0         0         0.000772
406      0        2200       2096       0        0         0         0.000780
407      0        2200       2091       0        0         0         0.000795
408      0        2200       2096       0        0         0         0.000780
409      0        2200       2096       0        0         0         0.000772
410      0        2200       2096       0        0         0         0.000772
411      0        2200       2091       0        0         0         0.000787
412      0        2200       2096       0        0         0         0.000772
413      0        2200       2091       0        0         0         0.000787
414      0        2200       2091       0        0         0         0.000772
415      0        2200       2091       0        0         0         0.000772
416      0        2200       2091       0        0         0         0.000780
417      0        2200       2096       0        0         0         0.000780
418      0        2200       2096       0        0         0         0.000758
419      0        2200       2096       0        0         0         0.000802
420      0        2200       2096       0        0         0         0.000787
421      0        2200       2091       0        0         0         0.000787
422      0        2200       2091       0        0         0         0.000811
423      0        2200       2088       0        0         0         0.002971
424      0        2200       2091       0        0         0         0.000886
425      0        2200       2096       0        0         0         0.000915
426      0        2200       2091       0        0         0         0.000802
427      0        2200       2096       0        0         0         0.000863
428      0        2200       2096       0        0         0         0.000855
429      0        2200       2091       0        0         0         0.000787
430      0        2200       2096       0        0         0         0.000811
431      0        2200       2091       0        0         0         0.000780
432      0        2200       2096       0        0         0         0.000780
433      0        2200       2091       0        0         0         0.000780
434      0        2200       2092       0        0         0         0.000751
435      0        2200       2091       0        0         0         0.000780
436      0        2200       2091       0        0         0         0.000772
437      0        2200       2096       0        0         0         0.000772
438      0        2200       2096       0        0         0         0.000772
439      0        2200       2096       0        0         0         0.000766
440      0        2200       2096       0        0         0         0.000795
441      0        2200       2096       0        0         0         0.000780
442      0        2200       2096       0        0         0         0.000780
443      0        2200       2096       0        0         0         0.000766
444      0        2200       2096       0        0         0         0.000766
445      0        2200       2096       0        0         0         0.000766
446      0        2200       2096       0        0         0         0.000780
447      0        2200       2097       0        0         0         0.000743
448      0        2200       2092       0        0         0         0.000743
449      0        2200       2097       0        0         0         0.000736
450      0        2200       2092       0        0         0         0.000736
451      0        2200       2092       0        0         0         0.000743
